100 1000 f sort
B 0 30 1000
4 5
H 0 50 1000
4 5
D 0 80 1000
4 5 
W 99 50 300
4
F 35 35 10
2695
4083
1614
154
5180
142
5818
989
2801
2630
F 36 35 10
6282
4974
5818
5060
6517
4014
1056
3468
126
170
F 37 35 10
3176
2355
4385
2727
1966
2165
1399
6909
2176
2011
F 38 35 10
597
3945
5271
4486
6483
6122
1050
1553
4146
4986
F 39 35 10
4215
3206
3833
6191
6117
2525
4080
2296
5289
3111
F 40 35 10
2872
1906
5477
6334
2923
3252
3283
4395
4849
4105
F 41 35 10
1875
2822
5594
6655
2188
355
4638
1134
5890
6914
F 42 35 10
2930
430
2634
5238
415
1200
5708
100
5547
403
F 43 35 10
2228
5759
3815
3932
5818
3447
1105
224
6307
6124
F 44 35 10
4325
3399
3259
3495
5477
2068
3984
4917
6287
2427
F 45 35 10
160
3827
5008
878
1486
2188
6179
5799
2014
3387
F 46 35 10
1638
1203
609
620
2779
1194
1148
6279
6682
3190
F 47 35 10
6806
4008
4471
5809
4911
185
3031
2951
29
1176
F 48 35 10
6179
314
6818
6434
1587
5541
4026
3464
23
6465
F 49 35 10
279
293
6827
3799
2304
2235
20
3120
1491
5008
F 50 35 10
6187
1046
5914
800
788
3633
5628
4877
6095
5883
F 51 35 10
4844
1850
3050
621
4383
4371
368
5022
4425
339
F 52 35 10
5153
6746
5034
5488
3727
3747
6540
3625
6602
2496
F 53 35 10
784
778
6189
2178
4747
6403
6968
6439
3073
4636
F 54 35 10
3760
2066
2964
3407
6647
3075
2451
4329
2684
4975
F 55 35 10
750
6293
852
479
2982
1472
1253
5339
675
1161
F 56 35 10
4372
2682
1064
4317
1940
6055
4632
2302
6613
6067
F 57 35 10
1419
6407
3866
3378
1428
2440
4154
516
443
5527
F 58 35 10
278
6098
5468
982
6125
1405
2594
5056
1050
1897
F 59 35 10
4492
2675
4048
2151
1093
2438
1131
3317
6031
4121
F 60 35 10
1951
5770
2954
697
5049
2916
1094
605
5409
3348
F 61 35 10
4728
587
1460
243
1894
5248
4189
4705
6271
4218
F 62 35 10
391
6289
2326
1666
6828
2360
5084
2597
2545
4038
F 63 35 10
6662
224
4782
5009
143
4515
3429
1331
405
6075
F 64 35 10
6357
6436
2306
6421
2202
6467
873
4966
3754
293
F 35 36 10
61
4026
2134
56
4609
5843
5584
2598
1763
291
F 36 36 10
5677
3952
4338
951
5270
883
1719
4848
6210
6341
F 37 36 10
6137
3384
5247
6475
859
3835
5431
6523
1997
394
F 38 36 10
6532
4919
5514
5010
5343
1998
567
2022
2471
6696
F 39 36 10
5217
5184
5410
2808
5746
2479
6051
3567
1423
1482
F 40 36 10
2509
315
6264
3819
5199
2272
4389
3547
384
1689
F 41 36 10
5053
6930
6037
6089
5985
1449
4031
4317
3393
6690
F 42 36 10
3332
3393
3185
5210
805
3773
6811
2324
2611
1202
F 43 36 10
2845
4071
4769
5945
3200
4614
1425
4565
2480
6936
F 44 36 10
2030
2405
5532
3325
1397
5427
3566
4337
2540
3666
F 45 36 10
2353
5876
3183
1668
3325
3083
4616
1680
4629
5271
F 46 36 10
2045
6025
4959
6001
1216
3365
5462
718
1474
5204
F 47 36 10
425
599
1010
476
4133
3194
1061
2540
4975
6199
F 48 36 10
6241
4807
5584
1849
5690
5600
6879
1867
3182
3316
F 49 36 10
5778
5332
6345
2107
887
6028
1821
1650
2819
5992
F 50 36 10
6294
2290
6140
1978
6857
4783
417
6407
6122
2445
F 51 36 10
304
5208
4391
4084
5193
1181
695
6868
5858
4752
F 52 36 10
1309
3449
2369
4697
203
2137
5296
6829
4380
4140
F 53 36 10
169
1945
5181
2465
46
5092
5628
2447
6608
2624
F 54 36 10
22
4306
4296
740
4217
3656
1894
755
2921
6669
F 55 36 10
1503
4519
1211
6474
3938
3774
5864
55
2982
2898
F 56 36 10
5143
5644
68
2683
2071
6821
1010
52
6414
2442
F 57 36 10
1670
3809
523
44
6338
3800
5255
5880
6071
6135
F 58 36 10
3526
6919
170
6174
4623
1660
4277
914
6206
4408
F 59 36 10
1322
1605
5500
2877
2981
4651
6684
4482
2730
6595
F 60 36 10
4516
5130
4248
4360
873
6583
2621
4550
830
4332
F 61 36 10
5835
6029
1562
4657
872
4287
1935
5663
4914
4409
F 62 36 10
6068
6692
1128
5289
5091
5323
3356
1483
1688
264
F 63 36 10
326
4465
1337
2664
5235
2644
3500
5470
4024
6613
F 64 36 10
6133
1953
3560
560
2120
1384
658
756
3459
3459
F 35 37 10
3711
2704
2326
581
1612
4670
3669
3222
3213
6336
F 36 37 10
113
2569
4744
640
56
1544
250
1421
3329
2917
